p cnf 158 343
e 86 84 85 57 0
a 58 0
e 1 2 3 4 5 6 7 8 9 10 11 12 13 14 15 16 17 18 19 20 21 22 23 24 25 26 27 28 29 30 31 32 33 34 35 36 37 38 39 40 41 42 43 44 45 46 47 48 49 50 51 52 53 54 55 56 60 61 62 63 64 65 66 67 68 69 70 71 72 73 74 75 76 77 78 79 80 81 82 83 87 88 89 90 91 92 93 94 95 96 97 98 99 100 101 102 103 104 105 106 107 108 109 110 111 112 113 114 115 116 117 118 119 120 121 122 123 124 125 126 127 128 129 130 131 132 133 134 135 136 137 138 139 140 141 142 143 144 145 146 147 148 149 150 151 152 153 154 155 156 157 158 0
d 59 58 0
56 0
11 87 0
-11 -87 0
12 88 0
-12 -88 0
13 89 0
-13 -89 0
14 90 0
-14 -90 0
15 91 0
-15 -91 0
16 92 0
-16 -92 0
17 93 0
-17 -93 0
18 94 0
-18 -94 0
19 95 0
-19 -95 0
20 96 0
-20 -96 0
21 97 0
-21 -97 0
22 98 0
-22 -98 0
99 17 0
-99 -17 0
100 -11 0
-100 11 0
101 -28 0
-101 28 0
102 -27 0
-102 27 0
103 -26 0
-103 26 0
104 -25 0
-104 25 0
105 -24 0
-105 24 0
106 18 0
-106 -18 0
107 -12 0
-107 12 0
108 -28 0
-108 28 0
109 -27 0
-109 27 0
110 -26 0
-110 26 0
111 -25 0
-111 25 0
112 19 0
-112 -19 0
113 -13 0
-113 13 0
114 -28 0
-114 28 0
115 -27 0
-115 27 0
116 -26 0
-116 26 0
117 20 0
-117 -20 0
118 -14 0
-118 14 0
119 -28 0
-119 28 0
120 -27 0
-120 27 0
121 21 0
-121 -21 0
122 -15 0
-122 15 0
123 -28 0
-123 28 0
124 22 0
-124 -22 0
125 -16 0
-125 16 0
126 -11 17 0
-126 11 0
-126 -17 0
127 -17 11 0
-127 17 0
-127 -11 0
128 -12 18 0
-128 12 0
-128 -18 0
129 -18 12 0
-129 18 0
-129 -12 0
130 -50 0
-130 50 0
131 -13 19 0
-131 13 0
-131 -19 0
132 -19 13 0
-132 19 0
-132 -13 0
133 -51 0
-133 51 0
134 -50 0
-134 50 0
135 -14 20 0
-135 14 0
-135 -20 0
136 -20 14 0
-136 20 0
-136 -14 0
137 -52 0
-137 52 0
138 -51 0
-138 51 0
139 -50 0
-139 50 0
140 -15 21 0
-140 15 0
-140 -21 0
141 -21 15 0
-141 21 0
-141 -15 0
142 -53 0
-142 53 0
143 -52 0
-143 52 0
144 -51 0
-144 51 0
145 -50 0
-145 50 0
146 -16 22 0
-146 16 0
-146 -22 0
147 -22 16 0
-147 22 0
-147 -16 0
148 -54 0
-148 54 0
149 -53 0
-149 53 0
150 -52 0
-150 52 0
151 -51 0
-151 51 0
152 -50 0
-152 50 0
153 -11 -23 -50 24 17 0
-153 11 0
-153 23 0
-153 50 0
-153 -24 0
-153 -17 0
154 -12 -24 -51 50 25 18 0
-154 12 0
-154 24 0
-154 51 0
-154 -50 0
-154 -25 0
-154 -18 0
155 -13 -25 -52 51 26 19 0
-155 13 0
-155 25 0
-155 52 0
-155 -51 0
-155 -26 0
-155 -19 0
156 -14 -26 -53 52 27 20 0
-156 14 0
-156 26 0
-156 53 0
-156 -52 0
-156 -27 0
-156 -20 0
157 -15 -27 -54 53 28 21 0
-157 15 0
-157 27 0
-157 54 0
-157 -53 0
-157 -28 0
-157 -21 0
158 -16 -28 -55 54 22 0
-158 16 0
-158 28 0
-158 55 0
-158 -54 0
-158 -22 0
57 0
58 0
59 0
60 0
61 0
62 0
63 0
64 0
65 0
66 0
67 0
68 0
69 0
70 0
71 0
72 0
73 0
74 0
75 0
76 0
77 0
78 0
79 0
80 0
81 0
82 0
83 0
84 0
85 0
86 0
87 11 0
-87 -11 0
88 12 0
-88 -12 0
89 13 0
-89 -13 0
90 14 0
-90 -14 0
91 15 0
-91 -15 0
92 16 0
-92 -16 0
93 17 0
-93 -17 0
94 18 0
-94 -18 0
95 19 0
-95 -19 0
96 20 0
-96 -20 0
97 21 0
-97 -21 0
98 22 0
-98 -22 0
-1 0
-2 0
-3 0
-4 0
-5 0
-6 0
-7 0
-8 0
-9 0
-10 0
-23 99 100 101 102 103 104 105 0
23 -99 0
23 -100 0
23 -101 0
23 -102 0
23 -103 0
23 -104 0
23 -105 0
-24 106 107 108 109 110 111 0
24 -106 0
24 -107 0
24 -108 0
24 -109 0
24 -110 0
24 -111 0
-25 112 113 114 115 116 0
25 -112 0
25 -113 0
25 -114 0
25 -115 0
25 -116 0
-26 117 118 119 120 0
26 -117 0
26 -118 0
26 -119 0
26 -120 0
-27 121 122 123 0
27 -121 0
27 -122 0
27 -123 0
-28 124 125 0
28 -124 0
28 -125 0
-29 0
-30 0
-31 0
-32 0
-33 0
-34 0
-35 0
-36 0
-37 0
-38 0
-39 0
-40 0
-41 0
-42 0
-43 0
-44 0
-45 0
-46 0
-47 0
-48 0
-49 0
-50 126 127 0
50 -126 0
50 -127 0
-51 128 129 130 0
51 -128 0
51 -129 0
51 -130 0
-52 131 132 133 134 0
52 -131 0
52 -132 0
52 -133 0
52 -134 0
-53 135 136 137 138 139 0
53 -135 0
53 -136 0
53 -137 0
53 -138 0
53 -139 0
-54 140 141 142 143 144 145 0
54 -140 0
54 -141 0
54 -142 0
54 -143 0
54 -144 0
54 -145 0
-55 146 147 148 149 150 151 152 0
55 -146 0
55 -147 0
55 -148 0
55 -149 0
55 -150 0
55 -151 0
55 -152 0
-56 153 154 155 156 157 158 0
56 -153 0
56 -154 0
56 -155 0
56 -156 0
56 -157 0
56 -158 0
